[[array([37.97660267, 37.97677669, 37.97700591, 37.97719972, 37.97747641,
       37.97767388, 37.97789162, 37.9781785 , 37.97844139, 37.97879011,
       37.97916887, 37.97944434, 37.97970543, 37.98009602, 37.980506  ,
       37.98083599, 37.98131918, 37.98175844, 37.98232173, 37.98279234,
       37.98342847, 37.98398097, 37.98474176, 37.98568082, 37.98653452,
       37.98743189, 37.98821958, 37.98914283, 37.99025039, 37.99167487,
       37.99329807, 37.99477371, 37.99720594, 38.00112884, 38.00470311,
       38.00812845, 38.01151865, 38.01435469, 38.0217009 , 38.03044582,
       38.03904927, 38.04766249, 38.05774948, 38.0669187 , 38.0760206 ,
       38.08512249, 38.09722821, 38.10986154, 38.12072568, 38.13258648,
       38.14293093, 38.15465321, 38.16490738, 38.17494341, 38.18563379,
       38.1934086 , 38.2011834 , 38.20992459, 38.21702289, 38.22411019,
       38.23119749, 38.23813027, 38.24369943, 38.24864983, 38.25528522,
       38.25921386, 38.2624282 , 38.26564255, 38.27016088, 38.27373953,
       38.27692057, 38.28148565, 38.28500614, 38.28696444, 38.28916446,
       38.29200244, 38.29484042, 38.29716242, 38.29974241, 38.30219964,
       38.30397837, 38.30629118, 38.309239  , 38.31169552, 38.3134151 ,
       38.31660857, 38.31895128, 38.32117938, 38.32318467, 38.32586719,
       38.32782813, 38.32996941, 38.33318131, 38.3358579 , 38.33796139,
       38.34100637, 38.34341987, 38.34584478, 38.34871971, 38.351856  ,
       38.35403488, 38.35606796, 38.35923476, 38.36194088, 38.36437639,
       38.36708251, 38.369752  , 38.37237555, 38.37473675, 38.3773603 ,
       38.38050856, 38.38267569, 38.38529673, 38.38817988, 38.3914159 ,
       38.39337051, 38.39616279, 38.39951352, 38.40202657, 38.40481885,
       38.40760676, 38.40956103, 38.41246992, 38.41439566, 38.41653536,
       38.41910301, 38.42167067, 38.42338244, 38.42552215, 38.42745345,
       38.42960769, 38.43176194, 38.43391618, 38.43580232, 38.43846218,
       38.44245331, 38.44536207, 38.44778096, 38.45084065, 38.45288046,
       38.4554302 , 38.45772496, 38.46027471, 38.46282445, 38.46629843,
       38.4688255 , 38.47135253, 38.47416036, 38.4765282 , 38.47996595,
       38.48371629, 38.486529  , 38.48930924, 38.49295167, 38.49568344,
       38.49871877, 38.50236115, 38.50509297, 38.50721769, 38.51086007,
       38.51397986, 38.5165184 , 38.5197841 , 38.52263887, 38.52461527,
       38.52690117, 38.52941805, 38.53147736, 38.53353663, 38.53592683,
       38.53819248, 38.54146511, 38.54322728, 38.54574469, 38.54901732,
       38.55077949, 38.5532969 , 38.55605797, 38.55762387, 38.55950295,
       38.56091227, 38.56216497, 38.56404991, 38.56547443, 38.56689894,
       38.56879833, 38.5706977 , 38.57212221, 38.57354676, 38.57512956,
       38.57623752, 38.57812295, 38.57977692, 38.58143087, 38.58214715,
       38.58260185, 38.5831576 , 38.58406166, 38.58486384, 38.58566601,
       38.58664645, 38.58762687, 38.58825078, 38.58914208, 38.59021166,
       38.59110296, 38.59190513, 38.59260776, 38.59338229, 38.59423428,
       38.59493135, 38.59570588, 38.59628554, 38.59668477, 38.59704407,
       38.59740337, 38.59784252, 38.59830344, 38.59879858, 38.59911367,
       38.5995638 , 38.60014897, 38.60046406, 38.6009142 , 38.60145436,
       38.60181446, 38.60221958, 38.60275974, 38.60331374, 38.6037771 ,
       38.60414779, 38.60455669, 38.60505359, 38.60555049, 38.60593503,
       38.60617173, 38.60640843, 38.60670429, 38.60702975, 38.60735521,
       38.60765107, 38.60797653, 38.60824281, 38.60850909, 38.60883455,
       38.60918131, 38.6095374 , 38.60992909, 38.61176532, 38.61460293,
       38.6176234 , 38.62008059, 38.62239941]), <xarray.DataArray 'PSAL_ADJUSTED' (N_POINTS: 253)> Size: 1kB
array([38.169, 38.169, 38.171, ..., 38.565, 38.578, 38.606], dtype=float32)
Coordinates:
    LATITUDE   (N_POINTS) float64 2kB 42.69 42.69 42.69 ... 42.69 42.69 42.69
    LONGITUDE  (N_POINTS) float64 2kB 6.997 6.997 6.997 ... 6.997 6.997 6.997
    TIME       (N_POINTS) datetime64[ns] 2kB 2015-04-01T11:34:00 ... 2015-04-...
  * N_POINTS   (N_POINTS) int64 2kB 0 1 2 3 4 5 6 ... 247 248 249 250 251 252
Attributes:
    long_name:      PRACTICAL SALINITY
    standard_name:  sea_water_salinity
    units:          psu
    valid_min:      0.0
    valid_max:      43.0
    resolution:     0.001
    casted:         1], [array([38.10961581, 38.1095397 , 38.10939469, 38.1092017 , 38.10911207,
       38.10891233, 38.1087185 , 38.10851435, 38.10832248, 38.108187  ,
       38.10799346, 38.10783699, 38.10767265, 38.10750599, 38.1073063 ,
       38.10729942, 38.10723599, 38.10716753, 38.10713247, 38.10737833,
       38.10762418, 38.1079315 , 38.10834575, 38.11052832, 38.11548594,
       38.12098704, 38.12598804, 38.13130744, 38.13667032, 38.14266833,
       38.15016585, 38.15841314, 38.16601431, 38.17377326, 38.1813796 ,
       38.18694091, 38.1931974 , 38.20084419, 38.20710068, 38.21297793,
       38.22077855, 38.2279318 , 38.23378447, 38.23963715, 38.24744068,
       38.25272545, 38.25714617, 38.26377725, 38.27040834, 38.27516061,
       38.28025186, 38.28644684, 38.29030936, 38.29397147, 38.29885429,
       38.30251639, 38.3061785 , 38.31024751, 38.31415225, 38.31730448,
       38.32045671, 38.32360894, 38.32676117, 38.33028797, 38.33355052,
       38.3364001 , 38.33873485, 38.34122628, 38.34356388, 38.34564921,
       38.34796624, 38.35051497, 38.3523686 , 38.35445393, 38.35670935,
       38.35872036, 38.36018292, 38.36201112, 38.36383931, 38.36567894,
       38.3676832 , 38.36951088, 38.37109662, 38.37216631, 38.37444848,
       38.37603119, 38.37727602, 38.37898766, 38.38054369, 38.38178852,
       38.38318895, 38.38488389, 38.3864681 , 38.38803744, 38.38932144,
       38.39074811, 38.39217478, 38.39374412, 38.39517079, 38.3964624 ,
       38.3981685 , 38.39936046, 38.40071336, 38.40196602, 38.40335786,
       38.40488888, 38.40614154, 38.4073942 , 38.40892522, 38.41045799,
       38.41174314, 38.41302829, 38.41468075, 38.41638875, 38.4180953 ,
       38.4191813 , 38.42119813, 38.4225944 , 38.42383554, 38.42538696,
       38.42678323, 38.42864492, 38.43035575, 38.43210242, 38.43358166,
       38.4347653 , 38.43663449, 38.43867362, 38.44003302, 38.44173229,
       38.44377143, 38.4454707 , 38.44666019, 38.44886925, 38.45037373,
       38.45171573, 38.45341224, 38.45506484, 38.45700113, 38.4582333 ,
       38.4603456 , 38.46228188, 38.4638661 , 38.46562635, 38.46756264,
       38.46897082, 38.47108314, 38.47297496, 38.47440927, 38.47545562,
       38.47713696, 38.47839794, 38.4797002 , 38.4813525 , 38.4827214 ,
       38.48409032, 38.48591553, 38.48774073, 38.48926174, 38.49063066,
       38.49199956, 38.49336846, 38.49519369, 38.49648971, 38.49756238,
       38.49893254, 38.50028695, 38.50156246, 38.5027041 , 38.50384152,
       38.50523172, 38.50662189, 38.5078857 , 38.50902313, 38.51016055,
       38.51142436, 38.51294092, 38.51420473, 38.51508939, 38.51636857,
       38.51752317, 38.51846786, 38.51941254, 38.52056716, 38.5216168 ,
       38.52256148, 38.52361113, 38.5248707 , 38.52581539, 38.52665509,
       38.5277915 , 38.52871554, 38.52978504, 38.53095633, 38.53201131,
       38.533088  , 38.53414829, 38.53511219, 38.53588332, 38.53675084,
       38.53761836, 38.53858227, 38.53964256, 38.54070287, 38.54157038,
       38.54253429, 38.54369099, 38.54472863, 38.54538014, 38.54654312,
       38.54733698, 38.54823011, 38.54942092, 38.55031704, 38.55117923,
       38.55198369, 38.55278816, 38.55359262, 38.55439709, 38.5552171 ,
       38.55587366, 38.55661229, 38.55743299, 38.55825368, 38.55907438,
       38.55989508, 38.56087993, 38.56170063, 38.56227512, 38.56309582,
       38.56391652, 38.56490135, 38.56554963, 38.56614066, 38.56667796,
       38.5671078 , 38.56772195, 38.5683066 , 38.56871585, 38.56935897,
       38.57006056, 38.57070367, 38.5711714 , 38.57169758, 38.57239917,
       38.57298383, 38.57351001, 38.5740362 , 38.57462085, 38.577212  ,
       38.58000759, 38.5826889 , 38.58309917, 38.58314111]), <xarray.DataArray 'PSAL_ADJUSTED' (N_POINTS: 254)> Size: 1kB
array([38.142, 38.158, 38.173, ..., 38.622, 38.621, 38.619], dtype=float32)
Coordinates:
    LATITUDE   (N_POINTS) float64 2kB 42.57 42.57 42.57 ... 42.57 42.57 42.57
    LONGITUDE  (N_POINTS) float64 2kB 7.037 7.037 7.037 ... 7.037 7.037 7.037
    TIME       (N_POINTS) datetime64[ns] 2kB 2015-04-08T11:33:00 ... 2015-04-...
  * N_POINTS   (N_POINTS) int64 2kB 2034 2035 2036 2037 ... 2284 2285 2286 2287
Attributes:
    long_name:      PRACTICAL SALINITY
    standard_name:  sea_water_salinity
    units:          psu
    valid_min:      0.0
    valid_max:      43.0
    resolution:     0.001
    casted:         1], [array([37.94872506, 37.94882657, 37.94893932, 37.94914168, 37.94934701,
       37.94950315, 37.94968129, 37.94994872, 37.95018054, 37.95044134,
       37.95087057, 37.95122605, 37.95154303, 37.95189984, 37.95229435,
       37.95279369, 37.95334734, 37.95389456, 37.95432697, 37.9547608 ,
       37.95530308, 37.95582355, 37.95617556, 37.95666735, 37.9572133 ,
       37.95773756, 37.95816754, 37.9604512 , 37.9634297 , 37.9662393 ,
       37.96877513, 37.97066546, 37.97302805, 37.98030851, 37.98796767,
       37.99503375, 38.00322834, 38.01241376, 38.02333305, 38.03284715,
       38.04511376, 38.05849555, 38.06714809, 38.07671456, 38.08901603,
       38.10200036, 38.11307904, 38.122846  , 38.13595151, 38.14905697,
       38.16095988, 38.17053662, 38.18107105, 38.19047229, 38.19778326,
       38.20520431, 38.21675399, 38.22426012, 38.22832098, 38.23296018,
       38.23921604, 38.2454719 , 38.25063157, 38.25542187, 38.2620085 ,
       38.26534851, 38.26813512, 38.27013157, 38.27212803, 38.27512269,
       38.27786779, 38.2801138 , 38.2823598 , 38.28385879, 38.2853276 ,
       38.28652936, 38.2875976 , 38.28906641, 38.29053523, 38.29235635,
       38.29424036, 38.29547092, 38.29673789, 38.2982864 , 38.29967721,
       38.30105397, 38.30218041, 38.3031817 , 38.30472487, 38.30639789,
       38.30739135, 38.30897103, 38.31090174, 38.31268913, 38.31404714,
       38.31540515, 38.31706493, 38.31887409, 38.32021205, 38.32140134,
       38.32331676, 38.32475622, 38.3263756 , 38.32853478, 38.33069395,
       38.33245335, 38.33434649, 38.33666032, 38.3386758 , 38.34045925,
       38.34263902, 38.34452676, 38.34651254, 38.34916025, 38.35090319,
       38.3524042 , 38.35440554, 38.35615852, 38.35832305, 38.36092049,
       38.36243567, 38.36438375, 38.36705565, 38.36964569, 38.37197673,
       38.37506055, 38.37719451, 38.37932845, 38.38217375, 38.38454481,
       38.38667875, 38.38928694, 38.39142088, 38.39355482, 38.3963841 ,
       38.39848247, 38.40058224, 38.40361527, 38.40571508, 38.40758153,
       38.41014795, 38.41224772, 38.41458081, 38.41738056, 38.41948033,
       38.42142584, 38.42355931, 38.42511088, 38.42696494, 38.42963225,
       38.43185502, 38.43430007, 38.43607826, 38.43830102, 38.44052379,
       38.44324134, 38.44624974, 38.44850606, 38.45044903, 38.45264583,
       38.45506233, 38.45747883, 38.45981991, 38.46161794, 38.46341593,
       38.46521393, 38.4674156 , 38.46968768, 38.47175319, 38.47340557,
       38.47567765, 38.47815625, 38.48001523, 38.48187418, 38.48373313,
       38.4855921 , 38.48807071, 38.4900298 , 38.49163066, 38.49340941,
       38.49536604, 38.49714479, 38.49911314, 38.50037156, 38.5021693 ,
       38.50432661, 38.5063041 , 38.5077423 , 38.50971982, 38.51097824,
       38.51316471, 38.51500066, 38.51683662, 38.51867257, 38.52017954,
       38.52153319, 38.52303722, 38.52484206, 38.52650056, 38.52789258,
       38.52912993, 38.53098596, 38.53268733, 38.53438868, 38.53578071,
       38.53701805, 38.5388741 , 38.54054318, 38.54175382, 38.54296447,
       38.54462908, 38.54629372, 38.54761145, 38.5488897 , 38.55016794,
       38.55144619, 38.55285227, 38.55413052, 38.55540876, 38.55681482,
       38.55783742, 38.55883892, 38.56009031, 38.56146683, 38.56284337,
       38.56409476, 38.56537638, 38.5666193 , 38.56752326, 38.56842721,
       38.56967014, 38.57069716, 38.57177792, 38.57285868, 38.57384118,
       38.57492192, 38.57577181, 38.57676092, 38.57796985, 38.57917878,
       38.5803877 , 38.58126692, 38.58225603, 38.58346496, 38.58456398,
       38.58566263, 38.58696982, 38.58784129, 38.59337078, 38.60275727,
       38.61257844, 38.6196146 , 38.62702602]), <xarray.DataArray 'PSAL_ADJUSTED' (N_POINTS: 253)> Size: 1kB
array([38.195, 38.195, 38.195, ..., 38.574, 38.579, 38.586], dtype=float32)
Coordinates:
    LATITUDE   (N_POINTS) float64 2kB 42.64 42.64 42.64 ... 42.64 42.64 42.64
    LONGITUDE  (N_POINTS) float64 2kB 7.041 7.041 7.041 ... 7.041 7.041 7.041
    TIME       (N_POINTS) datetime64[ns] 2kB 2015-04-02T11:38:00 ... 2015-04-...
  * N_POINTS   (N_POINTS) int64 2kB 293 294 295 296 297 ... 541 542 543 544 545
Attributes:
    long_name:      PRACTICAL SALINITY
    standard_name:  sea_water_salinity
    units:          psu
    valid_min:      0.0
    valid_max:      43.0
    resolution:     0.001
    casted:         1]]